0,0
0,0
0,0.00122041
1.22041e-05,0.00239341
3.61382e-05,0.00352284
7.13666e-05,0.00461238
0.00011749,0.00566559
0.000174146,0.00668586
0.000241005,0.0076765
0.00031777,0.00864069
0.000404177,0.00958149
0.000499992,0.0105019
0.00060501,0.0114047
0.000719058,0.0122928
0.000841986,0.0131689
0.000973675,0.0140356
0.00111403,0.0148954
0.00126298,0.015751
0.00142049,0.0166047
0.00158654,0.017459
0.00176113,0.0183162
0.00194429,0.0191788
0.00213608,0.0200489
0.00233657,0.0209289
0.00254586,0.0218209
0.00276407,0.0227274
0.00299134,0.0236504
0.00322785,0.0245922
0.00347377,0.0255551
0.00372932,0.0265412
0.00399473,0.0275528
0.00427026,0.028592
0.00455618,0.0296613
0.00485279,0.0307628
0.00516042,0.0318989
0.00547941,0.0330719
0.00581013,0.0342841
0.00615297,0.0355381
0.00650835,0.0368362
0.00687671,0.038181
0.00725852,0.0395749
0.00765427,0.0410208
0.00806448,0.0425211
0.00848969,0.0440788
0.00893048,0.0456965
0.00938744,0.0473773
0.00986121,0.049124
0.0103525,0.0509399
0.0108619,0.052828
0.0113901,0.0547917
0.0119381,0.0568342
0.0125064,0.0589592
0.013096,0.0611703
0.0137077,0.063471
0.0143424,0.0658654
0.0150011,0.0683575
0.0156846,0.0709513
0.0163941,0.0736512
0.0171307,0.0764616
0.0178953,0.0793871
0.0186891,0.0824326
0.0195135,0.085603
0.0203695,0.0889034
0.0212585,0.0923392
0.0221819,0.0959161
0.0231411,0.0996397
0.0241375,0.103516
0.0251726,0.107551
0.0262482,0.111752
0.0273657,0.116125
0.0285269,0.120677
0.0297337,0.125416
0.0309879,0.130349
0.0322913,0.135483
0.0336462,0.140828
0.0350545,0.146391
0.0365184,0.152182
0.0380402,0.158209
0.0396223,0.164482
0.0412671,0.171011
0.0429772,0.177807
0.0447553,0.18488
0.0466041,0.192241
0.0485265,0.199903
0.0505255,0.207876
0.0526043,0.216174
0.054766,0.22481
0.0570141,0.233797
0.0593521,0.24315
0.0617836,0.252883
0.0643124,0.263011
0.0669425,0.273552
0.069678,0.28452
0.0725232,0.295934
0.0754826,0.307811
0.0785607,0.320171
0.0817624,0.333032
0.0850927,0.346415
0.0885569,0.36034
0.0921603,0.374831
0.0959086,0.389909
0.0998077,0.372931
0.103537,0.35659
0.107103,0.340856
0.110511,0.325705
0.113768,0.311109
0.11688,0.297044
0.11985,0.283487
0.122685,0.270414
0.125389,0.257804
0.127967,0.245634
0.130423,0.233885
0.132762,0.222537
0.134988,0.21157
0.137103,0.200965
0.139113,0.190706
0.14102,0.180775
0.142828,0.171154
0.144539,0.161829
0.146158,0.152782
0.147685,0.143999
0.149125,0.135465
0.15048,0.127166
0.151752,0.119088
0.152943,0.111218
0.154055,0.103541
0.15509,0.0960457
0.156051,0.0887192
0.156938,0.0815491
0.157753,0.0745237
0.158499,0.0676312
0.159175,0.06086
0.159784,0.0541991
0.160325,0.0476373
0.160802,0.0411638
0.161214,0.0347678
0.161561,0.0284388
0.161846,0.0221663
0.162067,0.0159401
0.162227,0.00974986
0.162324,0.00358546
0.16236,-0.00256322
0.162334,-0.00870624
0.162247,-0.0148536
0.162099,-0.0210154
0.161889,-0.0272016
0.161617,-0.0334223
0.161282,-0.0396876
0.160885,-0.0460076
0.160425,-0.0523926
0.159901,-0.0588529
0.159313,-0.0653989
0.158659,-0.0720412
0.157939,-0.0787904
0.157151,-0.0856573
0.156294,-0.0926531
0.155368,-0.0997889
0.15437,-0.107076
0.153299,-0.114526
0.152154,-0.122152
0.150932,-0.129964
0.149632,-0.137976
0.148253,-0.146201
0.146791,-0.154651
0.145244,-0.163339
0.143611,-0.172281
0.141888,-0.181489
0.140073,-0.190979
0.138163,-0.200765
0.136156,-0.210863
0.134047,-0.22129
0.131834,-0.23206
0.129514,-0.243193
0.127082,-0.254704
0.124535,-0.266612
0.121868,-0.278937
0.119079,-0.291697
0.116162,-0.304913
0.113113,-0.318605
0.109927,-0.332796
0.106599,-0.347506
0.103124,-0.362761
0.0994963,-0.378583
0.0957105,-0.394997
0.0917605,-0.41203
0.0876402,-0.429708
0.0833431,-0.44806
0.0788625,-0.467113
0.0741914,-0.486898
0.0693224,-0.507446
0.0642479,-0.528789
0.0589601,-0.550961
0.0534504,-0.573997
0.0477105,-0.597932
0.0417312,-0.622806
0.0355031,-0.648656
0.0290165,-0.675523
0.0222613,-0.70345
0.0152268,-0.73248
0.00790202,-0.762659
0.000275435,-0.794034
-0.00766491,-0.761322
-0.0152781,-0.729907
-0.0225772,-0.699735
-0.0295746,-0.670756
-0.0362821,-0.642919
-0.0427113,-0.616179
-0.0488731,-0.590488
-0.054778,-0.565803
-0.060436,-0.542084
-0.0658568,-0.519288
-0.0710497,-0.497378
-0.0760235,-0.476315
-0.0807866,-0.456066
-0.0853473,-0.436594
-0.0897132,-0.417867
-0.0938919,-0.399854
-0.0978905,-0.382522
-0.101716,-0.365844
-0.105374,-0.349791
-0.108872,-0.334336
-0.112215,-0.319451
-0.11541,-0.305113
-0.118461,-0.291296
-0.121374,-0.277978
-0.124154,-0.265136
-0.126805,-0.252748
-0.129333,-0.240793
-0.131741,-0.22925
-0.134033,-0.218101
-0.136214,-0.207326
-0.138287,-0.196908
-0.140256,-0.186828
-0.142125,-0.17707
-0.143895,-0.167617
-0.145572,-0.158453
-0.147156,-0.149563
-0.148652,-0.140932
-0.150061,-0.132545
-0.151387,-0.124389
-0.15263,-0.116448
-0.153795,-0.108711
-0.154882,-0.101165
-0.155894,-0.0937953
-0.156832,-0.0865913
-0.157697,-0.0795405
-0.158493,-0.0726311
-0.159219,-0.0658516
-0.159878,-0.0591908
-0.16047,-0.0526375
-0.160996,-0.0461809
-0.161458,-0.0398103
-0.161856,-0.0335151
-0.162191,-0.027285
-0.162464,-0.0211096
-0.162675,-0.0149787
-0.162825,-0.00888235
-0.162914,-0.00281045
-0.162942,0.00324695
-0.162909,0.00929975
-0.162816,0.0153579
-0.162663,0.0214311
-0.162448,0.0275295
-0.162173,0.0336629
-0.161836,0.0398412
-0.161438,0.0460746
-0.160977,0.052373
-0.160454,0.0587466
-0.159866,0.0652058
-0.159214,0.071761
-0.158496,0.0784226
-0.157712,0.0852015
-0.15686,0.0921084
-0.155939,0.0991545
-0.154948,0.106351
-0.153884,0.11371
-0.152747,0.121242
-0.151535,0.12896
-0.150245,0.136876
-0.148876,0.145002
-0.147426,0.153352
-0.145893,0.161939
-0.144273,0.170777
-0.142565,0.179879
-0.140767,0.18926
-0.138874,0.198935
-0.136885,0.208918
-0.134796,0.219227
-0.132603,0.229877
-0.130305,0.240885
-0.127896,0.252269
-0.125373,0.264046
-0.122733,0.276235
-0.11997,0.288855
-0.117082,0.301927
-0.114062,0.31547
-0.110908,0.329506
-0.107613,0.344058
-0.104172,0.359148
-0.100581,0.3748
-0.0968325,0.391039
-0.0929221,0.375223
-0.0891699,0.360045
-0.0855695,0.345481
-0.0821147,0.331504
-0.0787996,0.318092
-0.0756187,0.305222
-0.0725665,0.292871
-0.0696378,0.281018
-0.0668276,0.269644
-0.0641311,0.258729
-0.0615438,0.248254
-0.0590613,0.238202
-0.0566793,0.228556
-0.0543937,0.219298
-0.0522007,0.210414
-0.0500966,0.201888
-0.0480777,0.193705
-0.0461407,0.185853
-0.0442822,0.178316
-0.042499,0.171084
-0.0407882,0.164142
-0.0391467,0.15748
-0.0375719,0.151086
-0.0360611,0.144949
-0.0346116,0.139059
-0.033221,0.133406
-0.0318869,0.12798
-0.0306071,0.122772
-0.0293794,0.117773
-0.0282017,0.112974
-0.0270719,0.108368
-0.0259882,0.103946
-0.0249488,0.0997018
-0.0239518,0.0956268
-0.0229955,0.0917147
-0.0220783,0.0879589
-0.0211988,0.0843528
-0.0203552,0.0808903
-0.0195463,0.0775657
-0.0187707,0.0743732
-0.0180269,0.0713073
-0.0173139,0.068363
-0.0166302,0.0655351
-0.0159749,0.0628188
-0.0153467,0.0602097
-0.0147446,0.0577031
-0.0141676,0.0552948
-0.0136146,0.0529808
-0.0130848,0.0507571
-0.0125772,0.04862
-0.012091,0.0465657
-0.0116254,0.0445909
-0.0111795,0.0426921
-0.0107525,0.0408662
-0.0103439,0.0391099
-0.00995279,0.0374205
-0.00957858,0.0357949
-0.00922063,0.0342304
-0.00887833,0.0327244
-0.00855109,0.0312743
-0.00823834,0.0298776
-0.00793957,0.0285321
-0.00765425,0.0272353
-0.00738189,0.0259851
-0.00712204,0.0247795
-0.00687425,0.0236162
-0.00663808,0.0224934
-0.00641315,0.0214093
-0.00619906,0.0203618
-0.00599544,0.0193493
-0.00580195,0.0183701
-0.00561825,0.0174224
-0.00544402,0.0165048
-0.00527897,0.0156157
-0.00512282,0.0147534
-0.00497528,0.0139167
-0.00483611,0.0131041
-0.00470507,0.0123143
-0.00458193,0.0115458
-0.00446647,0.0107974
-0.0043585,0.0100679
-0.00425782,0.00935604
-0.00416426,0.00866062
-0.00407765,0.00798048
-0.00399785,0.00731448
-0.0039247,0.00666152
-0.00385809,0.0060205
-0.00379788,0.00539037
-0.00374398,0.00477006
-0.00369628,0.00415856
-0.00365469,0.00355486
-0.00361914,0.00295794
-0.00358957,0.00236683
-0.0035659,0.00178056
-0.00354809,0.00119814
-0.00353611,0.000618641
-0.00352992,4.10941e-05
-0.00352951,-0.000535442
-0.00353487,-0.00111191
